56699285761673781624144918901706383534811617035288576
424930841158343139952025513956428115247216455748504637319997858775040
220972673637794256081327177376350353769972295094198875413544960
69045070796564833986814582053401064088887312924862091427315712
8672746298726573035323770604677738757155847929092643651321856
29580665482170889528718257857666454140050890650632546527739904
31232159082863989757488353561489595695295270704574079174705152
759151881217272307348198538269739960051862575100863843401728
8345286936598807505176792341289019839792957147127482199048192
52542024115182746412046574365444773896488465054494508718227456
77294658086580920966645415968185010438229846010370395708850176
5797268980698318292263950443193667520231618854532303617523712
9601002185340818722416917288045314668053937513531266484404224
